{"nbformat":4,"nbformat_minor":0,"metadata":{"colab":{"name":"Example_SpectralClustering_StepbyStep.ipynb","provenance":[],"collapsed_sections":[]},"kernelspec":{"name":"python3","display_name":"Python 3"},"language_info":{"name":"python"}},"cells":[{"cell_type":"code","metadata":{"colab":{"base_uri":"https://localhost:8080/"},"id":"bpOdy3D7KUDC","outputId":"5767b3d5-b0ba-4ee1-b22e-b8298295e028","executionInfo":{"status":"ok","timestamp":1659317243432,"user_tz":300,"elapsed":8,"user":{"displayName":"YU HEN HU","userId":"04083449072545068296"}}},"source":["import numpy as np\n","\n","# Distance matrix \n","Dm = np.array([[0,1,4,5],[1,0,3,4],[4,3,0,1],[5,4,1,0]])\n","print('Distance matrix:\\n', Dm)"],"execution_count":1,"outputs":[{"output_type":"stream","name":"stdout","text":["Distance matrix:\n"," [[0 1 4 5]\n"," [1 0 3 4]\n"," [4 3 0 1]\n"," [5 4 1 0]]\n"]}]},{"cell_type":"code","metadata":{"colab":{"base_uri":"https://localhost:8080/"},"id":"hbs7SEXNKwSr","outputId":"92937970-b44d-4e06-815b-4f0e8d38752e","executionInfo":{"status":"ok","timestamp":1659318259148,"user_tz":300,"elapsed":163,"user":{"displayName":"YU HEN HU","userId":"04083449072545068296"}}},"source":["# Similarity matrix\n","A = np.exp(-np.square(Dm))\n","np.set_printoptions(precision=3)\n","print('Similarity matrix:\\n', A)"],"execution_count":12,"outputs":[{"output_type":"stream","name":"stdout","text":["Similarity matrix:\n"," [[1.000e+00 3.679e-01 1.125e-07 1.389e-11]\n"," [3.679e-01 1.000e+00 1.234e-04 1.125e-07]\n"," [1.125e-07 1.234e-04 1.000e+00 3.679e-01]\n"," [1.389e-11 1.125e-07 3.679e-01 1.000e+00]]\n"]}]},{"cell_type":"code","metadata":{"colab":{"base_uri":"https://localhost:8080/"},"id":"Kb-bhZVJKw69","outputId":"d80fedbb-231c-420f-c5a7-e13ad58da0b5","executionInfo":{"status":"ok","timestamp":1659318282437,"user_tz":300,"elapsed":165,"user":{"displayName":"YU HEN HU","userId":"04083449072545068296"}}},"source":["# Degree matrix \n","D = np.diag(np.sum(A,axis=1))\n","print('Degree matrix:\\n', D)"],"execution_count":13,"outputs":[{"output_type":"stream","name":"stdout","text":["Degree matrix:\n"," [[1.368 0.    0.    0.   ]\n"," [0.    1.368 0.    0.   ]\n"," [0.    0.    1.368 0.   ]\n"," [0.    0.    0.    1.368]]\n"]}]},{"cell_type":"code","metadata":{"colab":{"base_uri":"https://localhost:8080/"},"id":"xgKx-NBBLE8K","outputId":"002694dc-1f91-4153-d029-eb47ab695118","executionInfo":{"status":"ok","timestamp":1659318289995,"user_tz":300,"elapsed":151,"user":{"displayName":"YU HEN HU","userId":"04083449072545068296"}}},"source":["# Laplacian matrix\n","L = D - A\n","print('Laplacian matrix:\\n', L)"],"execution_count":14,"outputs":[{"output_type":"stream","name":"stdout","text":["Laplacian matrix:\n"," [[ 3.679e-01 -3.679e-01 -1.125e-07 -1.389e-11]\n"," [-3.679e-01  3.680e-01 -1.234e-04 -1.125e-07]\n"," [-1.125e-07 -1.234e-04  3.680e-01 -3.679e-01]\n"," [-1.389e-11 -1.125e-07 -3.679e-01  3.679e-01]]\n"]}]},{"cell_type":"code","metadata":{"colab":{"base_uri":"https://localhost:8080/"},"id":"Rz0rLG8PLF2j","outputId":"951ee138-b40b-4976-94c1-c4d26bb3e11e","executionInfo":{"status":"ok","timestamp":1659318294841,"user_tz":300,"elapsed":148,"user":{"displayName":"YU HEN HU","userId":"04083449072545068296"}}},"source":["# Random Walk Laplacian matrix\n","Lrw = np.linalg.inv(D)@L\n","print('Random Walk Laplacian matrix:\\n', Lrw)"],"execution_count":15,"outputs":[{"output_type":"stream","name":"stdout","text":["Random Walk Laplacian matrix:\n"," [[ 2.689e-01 -2.689e-01 -8.227e-08 -1.015e-11]\n"," [-2.689e-01  2.690e-01 -9.021e-05 -8.226e-08]\n"," [-8.226e-08 -9.021e-05  2.690e-01 -2.689e-01]\n"," [-1.015e-11 -8.227e-08 -2.689e-01  2.689e-01]]\n"]}]},{"cell_type":"code","metadata":{"colab":{"base_uri":"https://localhost:8080/"},"id":"jJc3vKDkLMIV","outputId":"8b6b9100-efe9-44e8-a01f-2d696eef81c2","executionInfo":{"status":"ok","timestamp":1659318298592,"user_tz":300,"elapsed":172,"user":{"displayName":"YU HEN HU","userId":"04083449072545068296"}}},"source":["# Normalized Symmetric Laplacian matrix\n","Ls = np.sqrt(np.linalg.inv(D))@L@np.sqrt(np.linalg.inv(D))\n","print('Normalized Symmetric Laplacian matrix:\\n',Ls)"],"execution_count":16,"outputs":[{"output_type":"stream","name":"stdout","text":["Normalized Symmetric Laplacian matrix:\n"," [[ 2.689e-01 -2.689e-01 -8.227e-08 -1.015e-11]\n"," [-2.689e-01  2.690e-01 -9.021e-05 -8.227e-08]\n"," [-8.227e-08 -9.021e-05  2.690e-01 -2.689e-01]\n"," [-1.015e-11 -8.227e-08 -2.689e-01  2.689e-01]]\n"]}]},{"cell_type":"code","metadata":{"colab":{"base_uri":"https://localhost:8080/"},"id":"zvSjHkI9LP3k","outputId":"74a95187-7fa0-4c7a-8958-876bb71bf062","executionInfo":{"status":"ok","timestamp":1659318303811,"user_tz":300,"elapsed":167,"user":{"displayName":"YU HEN HU","userId":"04083449072545068296"}}},"source":["# Eigenvalue decompositions\n","W,V = np.linalg.eig(L)\n","\n","# short eig vector (column vecotr) based on eig value\n","vecs = V[:,np.argsort(-W)]\n","vals = W[np.argsort(-W)]\n","\n","print('Eigen value:\\n', np.diag(vals))\n","print('Eigen vector:\\n', vecs) "],"execution_count":17,"outputs":[{"output_type":"stream","name":"stdout","text":["Eigen value:\n"," [[7.359e-01 0.000e+00 0.000e+00 0.000e+00]\n"," [0.000e+00 7.358e-01 0.000e+00 0.000e+00]\n"," [0.000e+00 0.000e+00 1.236e-04 0.000e+00]\n"," [0.000e+00 0.000e+00 0.000e+00 1.321e-16]]\n","Eigen vector:\n"," [[ 0.5  0.5  0.5 -0.5]\n"," [-0.5 -0.5  0.5 -0.5]\n"," [ 0.5 -0.5 -0.5 -0.5]\n"," [-0.5  0.5 -0.5 -0.5]]\n"]}]},{"cell_type":"code","metadata":{"colab":{"base_uri":"https://localhost:8080/"},"id":"T1gdavBxO35L","outputId":"0fa7f5f5-b8ed-4d2c-91d5-5cdb5a150e46","executionInfo":{"status":"ok","timestamp":1659318316637,"user_tz":300,"elapsed":156,"user":{"displayName":"YU HEN HU","userId":"04083449072545068296"}}},"source":["# Kmeans algorithm of first two eigen vector\n","from sklearn.cluster import KMeans\n","\n","c = 2\n","cluster = KMeans(n_clusters=c, random_state=0).fit(vecs[:,0:c])\n","print('Cluster index for each row in first c column eigen vectors: \\n',cluster.labels_)"],"execution_count":18,"outputs":[{"output_type":"stream","name":"stdout","text":["Cluster index for each row in first c column eigen vectors: \n"," [0 1 1 0]\n"]}]}]}